[[[[ 0.          0.          0.          0.          0.          0.          0.
     0.          0.          0.          0.          0.          0.          0.
     0.          0.          0.          0.          0.          0.          0.
     0.          0.          0.          0.          0.          0.          0.        ]
   [ 0.          0.          0.          0.          0.          0.          0.
     0.          0.          0.          0.          0.          0.
     0.0745098   0.50980392  0.15686275  0.          0.          0.          0.
     0.          0.          0.          0.          0.          0.          0.
     0.        ]
   [ 0.          0.          0.          0.          0.          0.          0.
     0.          0.          0.          0.          0.          0.
     0.45490196  1.          0.60392157  0.          0.          0.          0.
     0.          0.          0.          0.          0.          0.          0.
     0.        ]
   [ 0.          0.          0.          0.          0.          0.          0.
     0.          0.          0.          0.          0.          0.
     0.4745098   1.          0.62745098  0.          0.          0.          0.
     0.          0.          0.          0.          0.          0.          0.
     0.        ]
   [ 0.          0.          0.          0.          0.          0.          0.
     0.          0.          0.          0.          0.          0.
     0.42352941  1.          0.68235294  0.          0.          0.          0.
     0.          0.          0.          0.          0.          0.          0.
     0.        ]
   [ 0.          0.          0.          0.          0.          0.          0.
     0.          0.          0.          0.          0.          0.
     0.42352941  1.          0.68235294  0.          0.          0.          0.
     0.          0.          0.          0.          0.          0.          0.
     0.        ]
   [ 0.          0.          0.          0.          0.          0.          0.
     0.          0.          0.          0.          0.          0.
     0.42352941  1.          0.68235294  0.          0.          0.          0.
     0.          0.          0.          0.          0.          0.          0.
     0.        ]
   [ 0.          0.          0.          0.          0.          0.          0.
     0.          0.          0.          0.          0.          0.
     0.42352941  1.          0.68235294  0.          0.          0.          0.
     0.          0.          0.          0.          0.          0.          0.
     0.        ]
   [ 0.          0.          0.          0.          0.          0.          0.
     0.          0.          0.          0.          0.          0.
     0.42352941  1.          0.68235294  0.          0.          0.          0.
     0.          0.          0.          0.          0.          0.          0.
     0.        ]
   [ 0.          0.          0.          0.          0.          0.          0.
     0.          0.          0.          0.          0.          0.
     0.42352941  1.          0.68235294  0.          0.          0.          0.
     0.          0.          0.          0.          0.          0.          0.
     0.        ]
   [ 0.          0.          0.          0.          0.          0.          0.
     0.          0.          0.          0.          0.          0.
     0.42352941  1.          0.68235294  0.          0.          0.          0.
     0.          0.          0.          0.          0.          0.          0.
     0.        ]
   [ 0.          0.          0.          0.          0.          0.          0.
     0.          0.          0.          0.          0.          0.
     0.42352941  1.          0.68235294  0.          0.          0.          0.
     0.          0.          0.          0.          0.          0.          0.
     0.        ]
   [ 0.          0.          0.          0.          0.          0.          0.
     0.          0.          0.          0.          0.          0.
     0.42352941  1.          0.68235294  0.          0.          0.          0.
     0.          0.          0.          0.          0.          0.          0.
     0.        ]
   [ 0.          0.          0.          0.          0.          0.          0.
     0.          0.          0.          0.          0.          0.
     0.36470588  1.          0.7372549   0.          0.          0.          0.
     0.          0.          0.          0.          0.          0.          0.
     0.        ]
   [ 0.          0.          0.          0.          0.          0.          0.
     0.          0.          0.          0.          0.          0.
     0.35294118  1.          0.75294118  0.          0.          0.          0.
     0.          0.          0.          0.          0.          0.          0.
     0.        ]
   [ 0.          0.          0.          0.          0.          0.          0.
     0.          0.          0.          0.          0.          0.
     0.35294118  1.          0.75294118  0.          0.          0.          0.
     0.          0.          0.          0.          0.          0.          0.
     0.        ]
   [ 0.          0.          0.          0.          0.          0.          0.
     0.          0.          0.          0.          0.          0.
     0.35294118  1.          0.75294118  0.          0.          0.          0.
     0.          0.          0.          0.          0.          0.          0.
     0.        ]
   [ 0.          0.          0.          0.          0.          0.          0.
     0.          0.          0.          0.          0.          0.
     0.35294118  1.          0.75294118  0.          0.          0.          0.
     0.          0.          0.          0.          0.          0.          0.
     0.        ]
   [ 0.          0.          0.          0.          0.          0.          0.
     0.          0.          0.          0.          0.          0.
     0.35294118  1.          0.75294118  0.          0.          0.          0.
     0.          0.          0.          0.          0.          0.          0.
     0.        ]
   [ 0.          0.          0.          0.          0.          0.          0.
     0.          0.          0.          0.          0.          0.
     0.35294118  1.          0.75294118  0.          0.          0.          0.
     0.          0.          0.          0.          0.          0.          0.
     0.        ]
   [ 0.          0.          0.          0.          0.          0.          0.
     0.          0.          0.          0.          0.          0.
     0.35294118  1.          0.75294118  0.          0.          0.          0.
     0.          0.          0.          0.          0.          0.          0.
     0.        ]
   [ 0.          0.          0.          0.          0.          0.          0.
     0.          0.          0.          0.          0.          0.
     0.35294118  1.          0.75294118  0.          0.          0.          0.
     0.          0.          0.          0.          0.          0.          0.
     0.        ]
   [ 0.          0.          0.          0.          0.          0.          0.
     0.          0.          0.          0.          0.          0.
     0.34901961  1.          0.75294118  0.          0.          0.          0.
     0.          0.          0.          0.          0.          0.          0.
     0.        ]
   [ 0.          0.          0.          0.          0.          0.          0.
     0.          0.          0.          0.          0.          0.
     0.28235294  1.          0.82352941  0.          0.          0.          0.
     0.          0.          0.          0.          0.          0.          0.
     0.        ]
   [ 0.          0.          0.          0.          0.          0.          0.
     0.          0.          0.          0.          0.          0.
     0.28235294  1.          0.82352941  0.          0.          0.          0.
     0.          0.          0.          0.          0.          0.          0.
     0.        ]
   [ 0.          0.          0.          0.          0.          0.          0.
     0.          0.          0.          0.          0.          0.
     0.28235294  1.          0.82352941  0.          0.          0.          0.
     0.          0.          0.          0.          0.          0.          0.
     0.        ]
   [ 0.          0.          0.          0.          0.          0.          0.
     0.          0.          0.          0.          0.          0.
     0.28235294  1.          0.82352941  0.          0.          0.          0.
     0.          0.          0.          0.          0.          0.          0.
     0.        ]
   [ 0.          0.          0.          0.          0.          0.          0.
     0.          0.          0.          0.          0.          0.
     0.2627451   1.          0.82352941  0.          0.          0.          0.
     0.          0.          0.          0.          0.          0.          0.
     0.        ]]]]